1591508491
1735311660
460706647
1413990941
1774957780
929319036
1149012750
459945610
803338443
1177659622
727155556
1413645945
154086782
1689752762
765224389
603846104
1599170679
1757617187
525274524
740468648
1406729196
863907273
728021679
1597702565
1828616509
1165732328
267311540
1194399545
1237008765
1732328572
1338428902
681033608
1320156584
1799135549
2095024549
947630716
580970937
1096553651
1407576326
1384309380
126729626
2134731882
650471677
280816408
1677000996
1415696067
884662512
1128688028
1025829606
1409937036
1869156676
285075154
126360661
449694708
1882777719
1954977170
1615427036
2605611
1001893067
704952153
1734934183
192838321
1385985761
907607119
1991973870
1333526662
1855237835
425461160
282596666
1115330513
1809770540
409326292
1102578748
312758570
690142700
632096096
1728454637
1574805213
1760784124
606800595
837258601
1482457153
891875750
963619263
1932151861
627169821
771112785
1400095249
629775433
1773005853
2105047402
217225968
1965844174
1343549515
1124833088
1810334397
529592529
832587275
88311909
812189195
1947917789
1898082449
1221515487
903012889
63357371
1911658188
1535108985
1791812008
1338979753
1148409462
251128956
28754706
483382967
1143004706
992373969
268051180
1770174527
1763486755
1668146429
252466312
1389008960
1625710183
469692281
1207369486
821776050
1594525369
870220235
1351368579
279628996
958532144
16074127
80063137
709130946
1237589614
983076026
772488317
1001764154
370701364
416816678
193260259
1519110826
667945634
222014966
2002493793
1810950340
1214388935
123061325
1433641219
830392042
1791207754
1686107532
71917354
1269434289
8316165
1279286841
2091210339
1602841534
2023428
1295095270
1882470530
960555573
1311169397
1962533668
1669686519
401275364
798126046
294691188
1403039518
1168827410
711507866
1596299778
540454588
1379453500
1818314744
395464733
1042920192
885220031
518526058
329077764
1715612074
162250164
2015185296
1787529428
1431684453
2023501461
919332621
1375411144
1478859347
921356050
523022767
1213846229
1881911623
1834192164
1028896249
1404114494
87983880
1827022296
1698805682
1491023399
848366058
262829901
939839529
1388820647
1642283401
610670625
1784285380
537719946
1495890656
155327791
866797710
1064019082
317577955
734499358
704064863
1749262409
610517171
1623397484
977189905
2089376518
397269886
1500212672
1155739099
131697861
1186921189
37151701
1535812355
1274905069
1864173997
1087134390
618444820
565056407
1349964291
1558284349
1953877054
844764044
21471326
1590678787
1382483990
1517361983
1746006578
101798052
433897417
2063584533
836297410
1137962280
1665363294
1446814581
613876117
495069552
1388707451
1011146003
1995282224
396962903
1142843865
1034719765
434114604
531172572
162141187
150804953
1618306962
780586007
715861360
820787605
191386709
522254767
1665551650
212858035
2112933554
900551992
1730220018
1711456484
1002350045
16633788
1627557369
1838647455
1154596068
1145437016
1137978389
1768472185
1640506568
379202192
632134541
1488305144
776165095
1774978406
375541262
1210279699
158667330
537682449
1361084652
1776974293
1318268456
2076946013
450278250
1509655165
451717132
2115829900
1722513201
417167038
868898245
1305249571
2128623522
1871248290
1321883359
1608697243
1562412097
328995780
606650611
552906838
2097467965
99673531
932109031
582118858
1587978676
1708274126
209613616
1963519938
771070178
368280947
353718739
2132154830
2145255240
1671987195
2061617195
448049842
1034158713
365850679
416396095
609188266
783017717
1285294340
1914437837
764157591
1009058982
1088837549
225371187
423987431
1417833329
832021798
976894270
1367817646
931695330
1909003301
1949936505
372190358
1469793779
12066473
188226648
93380309
380347420
541945387
78051492
378119012
66448934
2139668687
826168855
1100607647
358035719
1242564950
1709795913
1141053436
380375642
1476750103
1905211028
1389434624
418104004
2130582215
1813422055
1835937333
815120365
642832677
1056271331
1746815695
404352330
858724188
2119006053
1874146110
870790662
159749053
1967526419
1251138082
701694440
2045577911
1629257095
768143375
2037762951
307942302
1868751022
248315022
1550507252
1431063288
1389368458
1930882894
760329743
1147095838
1172833870
1178433747
1130194405
838772277
866887432
1945314771
1481604955
1923158763
1544646818
1885957285
634399304
1516169224
1612619747
1505189966
1675918277
1432662519
608844400
230129070
1330756782
90617847
998272445
1221036085
398560149
719539819
1469351107
1949067401
3119459
711235918
1732466647
763449202
1858331756
757816869
1941882949
841042514
1596589147
661286733
638873637
930710454
436961849
36036807
669184091
1071361153
1552206031
134320191
429067471
1080640661
1566982710
1037911871
1310769731
750255844
1128529719
161558528
1971291930
1527089868
881098347
1293159389
1328673622
884217807
2004395307
913656621
1647667009
1715243416
1671473491
1442066311
408802282
1120578990
2103353044
1047675919
2051289444
392831245
1083712726
572989887
1464192398
488435110
707310078
1893259869
1569075771
126809140
783688093
732361854
877064985
1912217812
893920382
700873267
1291824032
1775018729
1994032656
473014006
511752888
1850944316
1386670628
11936250
1418704084
910660471
1454002561
1827506366
2031239461
1409871957
727698637
1935045257
1802703203
1811411363
360551496
1119411953
152362825
1067861575
865188175
1721438596
1194670715
1648876268
306316802
2071735700
1413610432
1200237184
625125319
557950816
827772266
471674328
1030964823
1339525154
175134996
270151803
1351461404
1593839080
1180812274
657980317
1273861798
1064568087
2067852275
2001560435
852129696
1723071830
1665488150
1212681192
695000135
1817850976
133059119
1560188310
1391805924
1327729835
1061580930
1698122727
1251981887
327707714
750876263
1877107207
885658531
1578648529
201297887
1916623354
770690036
376432883
39291509
2122151440
1970271963
1220103783
632648110
1096650113
137188222
553016737
950726900
989317918
128604919
468731402
54515462
823605054
139098730
187574582
236309717
1530904655
1515304417
1297890647
1081543734
619802656
1625598362
1832419997
349426215
363773245
1263584879
550724102
132912951
2034274915
927156985
172204460
2008942707
749945300
1392308243
494107169
1846595413
1529496465
1047123906
649838665
371330735
1175728825
1118570068
425846197
1999333880
1257668798
613420779
88159949
641089805
2128725196
1386050596
1722633539
601044205
864165310
1407569889
950470420
1227938555
523671120
1501194523
1360851506
410462387
280867860
1533055966
271921446
1030813161
777880561
766028616
729924926
159893378
1813152522
1379763592
531224113
841397700
350850012
957070311
693247932
1608518810
1570491090
781407881
102124968
1551732639
19974829
1824758507
5293196
884140140
1084844748
955763616
2112078695
1608515868
309474491
1325446554
2018978255
590342352
711018872
143416054
1621155513
1488899434
909444670
203596791
1648792812
575113544
1583360383
32533278
1416511244
1934210395
989603589
2109759176
1395245558
412611031
743683409
1497370526
1964343670
763658239
1174645385
1969636866
1647798379
112006486
777916835
1612393426
1720522354
1087391326
790356332
1592016962
1677733678
1501375205
1735433016
1151405543
842790991
497394038
1355002335
344100155
1072507582
790879070
376633433
341535179
577605818
1366237022
303810707
1972851376
1778848054
1047494117
1322738254
1595708076
1811152356
349899991
1417861295
1311467087
461906477
48294482
776376865
34945184
1135685808
1566733198
1626962146
665935839
920624755
1214911514
1817341382
1763415746
1712305552
1024860069
2107515901
637329486
1815739140
336665687
978864665
245861310
1702902709
1282675373
71229038
1334267115
182685842
1393967292
782491544
1993838198
1743867283
52869191
1157821637
58290113
101163673
1934198502
93235297
1236849481
1353448052
1720197443
1902785320
126589159
787625309
1572643055
1890004905
352447213
450019476
1850037159
989776699
118274968
39219198
1968641365
364136278
1742121907
1103833090
435365316
928905375
1286518932
1829332608
1711396919
1132873482
1425716244
1764266110
143211471
1484006357
1865429783
2077409973
1577241654
954795616
1283374378
1149955449
710097289
1409963537
1937580758
135256696
1152484795
142544323
585276172
855038306
1132321022
703551141
894257504
953478739
1067687419
488895763
2057311829
1503052736
1417801138
1196347113
1184901696
981714409
181736947
463134292
598496871
324948418
1947140649
316443006
254874744
1376898655
1271238623
1538249122
379370456
1981335912
800729011
169467566
2116592608
1953213806
312011889
554385132
660768464
1444332912
1257936273
1555025968
250328003
178140045
2043921732
160156185
1681192781
1314239222
1356503298
718610829
148469984
1538240246
1181745122
746966855
1863188664
981402123
1063409862
2118063408
210817131
187164837
1508828882
590187587
21017101
162074246
759655154
2137609709
2115288052
1071667043
544511193
628572869
368516307
1802447467
36115189
618844311
1980587512
2080036921
779000496
1514296645
1246792496
2135503794
85423826
1395262480
1526260392
1267168948
2142229335
1241965409
101087424
1058155549
1212545169
311904555
1245320386
573890404
902092142
1266337487
735964650
1661747296
1256463548
703769054
585930692
1800974742
1332341923
954446999
1455938561
1368457113
1573291310
1289042425
1301010386
204808158
655855422
400319234
192828305
741279248
1795581714
1719088697
2008448197
1790327402
813570458
2109535621
700999303
2026115628
273956528
1946319690
452522384
1176048670
1065173529
1188487034
690312319
174153430
1892256088
1276243011
1975128172
1077114364
83206362
1283583085
298087829
1656497673
425141862
1599098215
1861305831
1080997284
1999417450
2054134136
1822276532
1647515516
1625739186
1683241081
1290359270
291825996
1645293054
1991358574
170457976
1919249582
1790194616
622980360
947814605
707884497
1811467394
1638126924
882037927
1556239835
766886287
709682451
485870551
850092649
1993265536
783958380
359106674
270923750
235572947
72928858
1351921034
87506749
2127062994
1026713919
1735022266
1605318532
562471352
877897888
1897144529
60280759
721772814
2067602505
1979530341
364483782
543099218
779861298
1072368280
207082964
270504574
1954406207
1763322799
1037390861
516605011
101709702
1887483511
362386899
885668082
99106537
633310650
1121241030
172035395
1985231684
1208747779
151614742
864461955
796286397
1756933274
1426933308
1674184286
1506594155
1487214067
248473452
1426713013
1319260760
612957235
1969812231
2099122059
1685325515
29411547
222142985
1492248074
1792734347
1259533847
2008853085
1894444049
999533710
223756337