2023428
2605611
3119459
5293196
8316165
11936250
12066473
16074127
16633788
19974829
21017101
21471326
28754706
29411547
32533278
34945184
36036807
36115189
37151701
39219198
39291509
48294482
52869191
54515462
58290113
60280759
63357371
66448934
71229038
71917354
72928858
78051492
80063137
83206362
85423826
87506749
87983880
88159949
88311909
90617847
93235297
93380309
99106537
99673531
101087424
101163673
101709702
101798052
102124968
112006486
118274968
123061325
126360661
126589159
126729626
126809140
128604919
131697861
132912951
133059119
134320191
135256696
137188222
139098730
142544323
143211471
143416054
148469984
150804953
151614742
152362825
154086782
155327791
158667330
159749053
159893378
160156185
161558528
162074246
162141187
162250164
169467566
170457976
172035395
172204460
174153430
175134996
178140045
181736947
182685842
187164837
187574582
188226648
191386709
192828305
192838321
193260259
201297887
203596791
204808158
207082964
209613616
210817131
212858035
217225968
222014966
222142985
223756337
225371187
230129070
235572947
236309717
245861310
248315022
248473452
250328003
251128956
252466312
254874744
262829901
267311540
268051180
270151803
270504574
270923750
271921446
273956528
279628996
280816408
280867860
282596666
285075154
291825996
294691188
298087829
303810707
306316802
307942302
309474491
311904555
312011889
312758570
316443006
317577955
324948418
327707714
328995780
329077764
336665687
341535179
344100155
349426215
349899991
350850012
352447213
353718739
358035719
359106674
360551496
362386899
363773245
364136278
364483782
365850679
368280947
368516307
370701364
371330735
372190358
375541262
376432883
376633433
378119012
379202192
379370456
380347420
380375642
392831245
395464733
396962903
397269886
398560149
400319234
401275364
404352330
408802282
409326292
410462387
412611031
416396095
416816678
417167038
418104004
423987431
425141862
425461160
425846197
429067471
433897417
434114604
435365316
436961849
448049842
449694708
450019476
450278250
451717132
452522384
459945610
460706647
461906477
463134292
468731402
469692281
471674328
473014006
483382967
485870551
488435110
488895763
494107169
495069552
497394038
511752888
516605011
518526058
522254767
523022767
523671120
525274524
529592529
531172572
531224113
537682449
537719946
540454588
541945387
543099218
544511193
550724102
552906838
553016737
554385132
557950816
562471352
565056407
572989887
573890404
575113544
577605818
580970937
582118858
585276172
585930692
590187587
590342352
598496871
601044205
603846104
606650611
606800595
608844400
609188266
610517171
610670625
612957235
613420779
613876117
618444820
618844311
619802656
622980360
625125319
627169821
628572869
629775433
632096096
632134541
632648110
633310650
634399304
637329486
638873637
641089805
642832677
649838665
650471677
655855422
657980317
660768464
661286733
665935839
667945634
669184091
681033608
690142700
690312319
693247932
695000135
700873267
700999303
701694440
703551141
703769054
704064863
704952153
707310078
707884497
709130946
709682451
710097289
711018872
711235918
711507866
715861360
718610829
719539819
721772814
727155556
727698637
728021679
729924926
732361854
734499358
735964650
740468648
741279248
743683409
746966855
749945300
750255844
750876263
757816869
759655154
760329743
763449202
763658239
764157591
765224389
766028616
766886287
768143375
770690036
771070178
771112785
772488317
776165095
776376865
777880561
777916835
779000496
779861298
780586007
781407881
782491544
783017717
783688093
783958380
787625309
790356332
790879070
796286397
798126046
800729011
803338443
812189195
813570458
815120365
820787605
821776050
823605054
826168855
827772266
830392042
832021798
832587275
836297410
837258601
838772277
841042514
841397700
842790991
844764044
848366058
850092649
852129696
855038306
858724188
863907273
864165310
864461955
865188175
866797710
866887432
868898245
870220235
870790662
877064985
877897888
881098347
882037927
884140140
884217807
884662512
885220031
885658531
885668082
891875750
893920382
894257504
900551992
902092142
903012889
907607119
909444670
910660471
913656621
919332621
920624755
921356050
927156985
928905375
929319036
930710454
931695330
932109031
939839529
947630716
947814605
950470420
950726900
953478739
954446999
954795616
955763616
957070311
958532144
960555573
963619263
976894270
977189905
978864665
981402123
981714409
983076026
989317918
989603589
989776699
992373969
998272445
999533710
1001764154
1001893067
1002350045
1009058982
1011146003
1024860069
1025829606
1026713919
1028896249
1030813161
1030964823
1034158713
1034719765
1037390861
1037911871
1042920192
1047123906
1047494117
1047675919
1056271331
1058155549
1061580930
1063409862
1064019082
1064568087
1065173529
1067687419
1067861575
1071361153
1071667043
1072368280
1072507582
1077114364
1080640661
1080997284
1081543734
1083712726
1084844748
1087134390
1087391326
1088837549
1096553651
1096650113
1100607647
1102578748
1103833090
1115330513
1118570068
1119411953
1120578990
1121241030
1124833088
1128529719
1128688028
1130194405
1132321022
1132873482
1135685808
1137962280
1137978389
1141053436
1142843865
1143004706
1145437016
1147095838
1148409462
1149012750
1149955449
1151405543
1152484795
1154596068
1155739099
1157821637
1165732328
1168827410
1172833870
1174645385
1175728825
1176048670
1177659622
1178433747
1180812274
1181745122
1184901696
1186921189
1188487034
1194399545
1194670715
1196347113
1200237184
1207369486
1208747779
1210279699
1212545169
1212681192
1213846229
1214388935
1214911514
1220103783
1221036085
1221515487
1227938555
1236849481
1237008765
1237589614
1241965409
1242564950
1245320386
1246792496
1251138082
1251981887
1256463548
1257668798
1257936273
1259533847
1263584879
1266337487
1267168948
1269434289
1271238623
1273861798
1274905069
1276243011
1279286841
1282675373
1283374378
1283583085
1285294340
1286518932
1289042425
1290359270
1291824032
1293159389
1295095270
1297890647
1301010386
1305249571
1310769731
1311169397
1311467087
1314239222
1318268456
1319260760
1320156584
1321883359
1322738254
1325446554
1327729835
1328673622
1330756782
1332341923
1333526662
1334267115
1338428902
1338979753
1339525154
1343549515
1349964291
1351368579
1351461404
1351921034
1353448052
1355002335
1356503298
1360851506
1361084652
1366237022
1367817646
1368457113
1375411144
1376898655
1379453500
1379763592
1382483990
1384309380
1385985761
1386050596
1386670628
1388707451
1388820647
1389008960
1389368458
1389434624
1391805924
1392308243
1393967292
1395245558
1395262480
1400095249
1403039518
1404114494
1406729196
1407569889
1407576326
1409871957
1409937036
1409963537
1413610432
1413645945
1413990941
1415696067
1416511244
1417801138
1417833329
1417861295
1418704084
1425716244
1426713013
1426933308
1431063288
1431684453
1432662519
1433641219
1442066311
1444332912
1446814581
1454002561
1455938561
1464192398
1469351107
1469793779
1476750103
1478859347
1481604955
1482457153
1484006357
1487214067
1488305144
1488899434
1491023399
1492248074
1495890656
1497370526
1500212672
1501194523
1501375205
1503052736
1505189966
1506594155
1508828882
1509655165
1514296645
1515304417
1516169224
1517361983
1519110826
1526260392
1527089868
1529496465
1530904655
1533055966
1535108985
1535812355
1538240246
1538249122
1544646818
1550507252
1551732639
1552206031
1555025968
1556239835
1558284349
1560188310
1562412097
1566733198
1566982710
1569075771
1570491090
1572643055
1573291310
1574805213
1577241654
1578648529
1583360383
1587978676
1590678787
1591508491
1592016962
1593839080
1594525369
1595708076
1596299778
1596589147
1597702565
1599098215
1599170679
1602841534
1605318532
1608515868
1608518810
1608697243
1612393426
1612619747
1615427036
1618306962
1621155513
1623397484
1625598362
1625710183
1625739186
1626962146
1627557369
1629257095
1638126924
1640506568
1642283401
1645293054
1647515516
1647667009
1647798379
1648792812
1648876268
1656497673
1661747296
1665363294
1665488150
1665551650
1668146429
1669686519
1671473491
1671987195
1674184286
1675918277
1677000996
1677733678
1681192781
1683241081
1685325515
1686107532
1689752762
1698122727
1698805682
1702902709
1708274126
1709795913
1711396919
1711456484
1712305552
1715243416
1715612074
1719088697
1720197443
1720522354
1721438596
1722513201
1722633539
1723071830
1728454637
1730220018
1732328572
1732466647
1734934183
1735022266
1735311660
1735433016
1742121907
1743867283
1746006578
1746815695
1749262409
1756933274
1757617187
1760784124
1763322799
1763415746
1763486755
1764266110
1768472185
1770174527
1773005853
1774957780
1774978406
1775018729
1776974293
1778848054
1784285380
1787529428
1790194616
1790327402
1791207754
1791812008
1792734347
1795581714
1799135549
1800974742
1802447467
1802703203
1809770540
1810334397
1810950340
1811152356
1811411363
1811467394
1813152522
1813422055
1815739140
1817341382
1817850976
1818314744
1822276532
1824758507
1827022296
1827506366
1828616509
1829332608
1832419997
1834192164
1835937333
1838647455
1846595413
1850037159
1850944316
1855237835
1858331756
1861305831
1863188664
1864173997
1865429783
1868751022
1869156676
1871248290
1874146110
1877107207
1881911623
1882470530
1882777719
1885957285
1887483511
1890004905
1892256088
1893259869
1894444049
1897144529
1898082449
1902785320
1905211028
1909003301
1911658188
1912217812
1914437837
1916623354
1919249582
1923158763
1930882894
1932151861
1934198502
1934210395
1935045257
1937580758
1941882949
1945314771
1946319690
1947140649
1947917789
1949067401
1949936505
1953213806
1953877054
1954406207
1954977170
1962533668
1963519938
1964343670
1965844174
1967526419
1968641365
1969636866
1969812231
1970271963
1971291930
1972851376
1975128172
1979530341
1980587512
1981335912
1985231684
1991358574
1991973870
1993265536
1993838198
1994032656
1995282224
1999333880
1999417450
2001560435
2002493793
2004395307
2008448197
2008853085
2008942707
2015185296
2018978255
2023501461
2026115628
2031239461
2034274915
2037762951
2043921732
2045577911
2051289444
2054134136
2057311829
2061617195
2063584533
2067602505
2067852275
2071735700
2076946013
2077409973
2080036921
2089376518
2091210339
2095024549
2097467965
2099122059
2103353044
2105047402
2107515901
2109535621
2109759176
2112078695
2112933554
2115288052
2115829900
2116592608
2118063408
2119006053
2122151440
2127062994
2128623522
2128725196
2130582215
2132154830
2134731882
2135503794
2137609709
2139668687
2142229335
2145255240
