29411547
60280759
72928858
87506749
99106537
101709702
151614742
170457976
172035395
207082964
222142985
223756337
235572947
248473452
270504574
270923750
291825996
359106674
362386899
364483782
485870551
516605011
543099218
562471352
612957235
622980360
633310650
707884497
709682451
721772814
766886287
779861298
783958380
796286397
850092649
864461955
877897888
882037927
885668082
947814605
999533710
1026713919
1037390861
1072368280
1080997284
1121241030
1208747779
1259533847
1290359270
1319260760
1351921034
1426713013
1426933308
1487214067
1492248074
1506594155
1556239835
1599098215
1605318532
1625739186
1638126924
1645293054
1647515516
1674184286
1683241081
1685325515
1735022266
1756933274
1763322799
1790194616
1792734347
1811467394
1822276532
1861305831
1887483511
1894444049
1897144529
1919249582
1954406207
1969812231
1979530341
1985231684
1991358574
1993265536
1999417450
2008853085
2054134136
2067602505
2099122059
2127062994