3119459
11936250
36036807
90617847
126809140
134320191
152362825
161558528
230129070
360551496
392831245
398560149
408802282
429067471
436961849
473014006
488435110
511752888
572989887
608844400
634399304
638873637
661286733
669184091
700873267
707310078
711235918
719539819
727698637
732361854
750255844
757816869
763449202
783688093
841042514
877064985
881098347
884217807
893920382
910660471
913656621
930710454
998272445
1037911871
1047675919
1071361153
1080640661
1083712726
1119411953
1120578990
1128529719
1221036085
1291824032
1293159389
1310769731
1328673622
1330756782
1386670628
1409871957
1418704084
1432662519
1442066311
1454002561
1464192398
1469351107
1481604955
1505189966
1516169224
1527089868
1544646818
1552206031
1566982710
1569075771
1596589147
1612619747
1647667009
1671473491
1675918277
1715243416
1732466647
1775018729
1802703203
1811411363
1827506366
1850944316
1858331756
1885957285
1893259869
1912217812
1923158763
1935045257
1941882949
1945314771
1949067401
1971291930
1994032656
2004395307
2031239461
2051289444
2103353044