5293196
19974829
32533278
34945184
48294482
102124968
112006486
143416054
159893378
203596791
271921446
280867860
303810707
309474491
341535179
344100155
349899991
350850012
376633433
410462387
412611031
461906477
497394038
523671120
531224113
575113544
577605818
590342352
693247932
711018872
729924926
743683409
763658239
766028616
776376865
777880561
777916835
781407881
790356332
790879070
841397700
842790991
864165310
884140140
909444670
950470420
955763616
957070311
989603589
1030813161
1047494117
1072507582
1084844748
1087391326
1135685808
1151405543
1174645385
1227938555
1311467087
1322738254
1325446554
1355002335
1360851506
1366237022
1379763592
1395245558
1407569889
1416511244
1417861295
1488899434
1497370526
1501194523
1501375205
1533055966
1551732639
1566733198
1570491090
1583360383
1592016962
1595708076
1608515868
1608518810
1612393426
1621155513
1647798379
1648792812
1677733678
1720522354
1735433016
1778848054
1811152356
1813152522
1824758507
1934210395
1964343670
1969636866
1972851376
2018978255
2109759176
2112078695