12066473
66448934
78051492
93380309
99673531
159749053
188226648
209613616
225371187
248315022
307942302
328995780
353718739
358035719
365850679
368280947
372190358
378119012
380347420
380375642
404352330
416396095
418104004
423987431
448049842
541945387
552906838
582118858
606650611
609188266
642832677
701694440
760329743
764157591
768143375
771070178
783017717
815120365
826168855
832021798
838772277
858724188
866887432
870790662
931695330
932109031
976894270
1009058982
1034158713
1056271331
1088837549
1100607647
1130194405
1141053436
1147095838
1172833870
1178433747
1242564950
1251138082
1285294340
1305249571
1321883359
1367817646
1389368458
1389434624
1417833329
1431063288
1469793779
1476750103
1550507252
1562412097
1587978676
1608697243
1629257095
1671987195
1708274126
1709795913
1746815695
1813422055
1835937333
1868751022
1871248290
1874146110
1905211028
1909003301
1914437837
1930882894
1949936505
1963519938
1967526419
2037762951
2045577911
2061617195
2097467965
2119006053
2128623522
2130582215
2132154830
2139668687
2145255240