2023428
8316165
16074127
28754706
63357371
71917354
80063137
87983880
123061325
162250164
193260259
222014966
251128956
252466312
268051180
279628996
294691188
329077764
370701364
395464733
401275364
416816678
469692281
483382967
518526058
523022767
540454588
667945634
709130946
711507866
772488317
798126046
821776050
830392042
848366058
870220235
885220031
903012889
919332621
921356050
958532144
960555573
983076026
992373969
1001764154
1028896249
1042920192
1143004706
1148409462
1168827410
1207369486
1213846229
1214388935
1221515487
1237589614
1269434289
1279286841
1295095270
1311169397
1338979753
1351368579
1375411144
1379453500
1389008960
1403039518
1404114494
1431684453
1433641219
1478859347
1491023399
1519110826
1535108985
1594525369
1596299778
1602841534
1625710183
1668146429
1669686519
1686107532
1698805682
1715612074
1763486755
1770174527
1787529428
1791207754
1791812008
1810950340
1818314744
1827022296
1834192164
1881911623
1882470530
1898082449
1911658188
1947917789
1962533668
2002493793
2015185296
2023501461
2091210339