16633788
21471326
37151701
101798052
131697861
150804953
155327791
158667330
162141187
191386709
212858035
262829901
317577955
375541262
379202192
396962903
397269886
417167038
433897417
434114604
450278250
451717132
495069552
522254767
531172572
537682449
537719946
565056407
610517171
610670625
613876117
618444820
632134541
704064863
715861360
734499358
776165095
780586007
820787605
836297410
844764044
866797710
868898245
900551992
939839529
977189905
1002350045
1011146003
1034719765
1064019082
1087134390
1137962280
1137978389
1142843865
1145437016
1154596068
1155739099
1186921189
1210279699
1274905069
1318268456
1349964291
1361084652
1382483990
1388707451
1388820647
1446814581
1488305144
1495890656
1500212672
1509655165
1517361983
1535812355
1558284349
1590678787
1618306962
1623397484
1627557369
1640506568
1642283401
1665363294
1665551650
1711456484
1722513201
1730220018
1746006578
1749262409
1768472185
1774978406
1776974293
1784285380
1838647455
1864173997
1953877054
1995282224
2063584533
2076946013
2089376518
2112933554
2115829900