21017101
36115189
83206362
85423826
101087424
148469984
160156185
162074246
174153430
178140045
187164837
192828305
204808158
210817131
250328003
273956528
298087829
311904555
368516307
400319234
425141862
452522384
544511193
554385132
573890404
585930692
590187587
618844311
628572869
655855422
660768464
690312319
700999303
703769054
718610829
735964650
741279248
746966855
759655154
779000496
813570458
902092142
954446999
981402123
1058155549
1063409862
1065173529
1071667043
1077114364
1176048670
1181745122
1188487034
1212545169
1241965409
1245320386
1246792496
1256463548
1257936273
1266337487
1267168948
1276243011
1283583085
1289042425
1301010386
1314239222
1332341923
1356503298
1368457113
1395262480
1444332912
1455938561
1508828882
1514296645
1526260392
1538240246
1555025968
1573291310
1656497673
1661747296
1681192781
1719088697
1790327402
1795581714
1800974742
1802447467
1863188664
1892256088
1946319690
1975128172
1980587512
2008448197
2026115628
2043921732
2080036921
2109535621
2115288052
2118063408
2135503794
2137609709
2142229335