39219198
52869191
58290113
71229038
93235297
101163673
118274968
126589159
135256696
142544323
143211471
169467566
181736947
182685842
245861310
254874744
312011889
316443006
324948418
336665687
352447213
364136278
379370456
435365316
450019476
463134292
488895763
585276172
598496871
637329486
665935839
703551141
710097289
782491544
787625309
800729011
855038306
894257504
920624755
928905375
953478739
954795616
978864665
981714409
989776699
1024860069
1067687419
1103833090
1132321022
1132873482
1149955449
1152484795
1157821637
1184901696
1196347113
1214911514
1236849481
1271238623
1282675373
1283374378
1286518932
1334267115
1353448052
1376898655
1393967292
1409963537
1417801138
1425716244
1484006357
1503052736
1538249122
1572643055
1577241654
1626962146
1702902709
1711396919
1712305552
1720197443
1742121907
1743867283
1763415746
1764266110
1815739140
1817341382
1829332608
1850037159
1865429783
1890004905
1902785320
1934198502
1937580758
1947140649
1953213806
1968641365
1981335912
1993838198
2057311829
2077409973
2107515901
2116592608