2605611
88311909
126360661
126729626
154086782
192838321
217225968
267311540
280816408
282596666
285075154
312758570
409326292
425461160
449694708
459945610
460706647
525274524
529592529
580970937
603846104
606800595
627169821
629775433
632096096
650471677
681033608
690142700
704952153
727155556
728021679
740468648
765224389
771112785
803338443
812189195
832587275
837258601
863907273
884662512
891875750
907607119
929319036
947630716
963619263
1001893067
1025829606
1096553651
1102578748
1115330513
1124833088
1128688028
1149012750
1165732328
1177659622
1194399545
1237008765
1320156584
1333526662
1338428902
1343549515
1384309380
1385985761
1400095249
1406729196
1407576326
1409937036
1413645945
1413990941
1415696067
1482457153
1574805213
1591508491
1597702565
1599170679
1615427036
1677000996
1689752762
1728454637
1732328572
1734934183
1735311660
1757617187
1760784124
1773005853
1774957780
1799135549
1809770540
1810334397
1828616509
1855237835
1869156676
1882777719
1932151861
1954977170
1965844174
1991973870
2095024549
2105047402
2134731882