39291509
54515462
88159949
128604919
132912951
133059119
137188222
139098730
172204460
175134996
187574582
201297887
236309717
270151803
306316802
327707714
349426215
363773245
371330735
376432883
425846197
468731402
471674328
494107169
550724102
553016737
557950816
601044205
613420779
619802656
625125319
632648110
641089805
649838665
657980317
695000135
749945300
750876263
770690036
823605054
827772266
852129696
865188175
885658531
927156985
950726900
989317918
1030964823
1047123906
1061580930
1064568087
1067861575
1081543734
1096650113
1118570068
1175728825
1180812274
1194670715
1200237184
1212681192
1220103783
1251981887
1257668798
1263584879
1273861798
1297890647
1327729835
1339525154
1351461404
1386050596
1391805924
1392308243
1413610432
1515304417
1529496465
1530904655
1560188310
1578648529
1593839080
1625598362
1648876268
1665488150
1698122727
1721438596
1722633539
1723071830
1817850976
1832419997
1846595413
1877107207
1916623354
1970271963
1999333880
2001560435
2008942707
2034274915
2067852275
2071735700
2122151440
2128725196